2 667 0 0
0 0 0 0
0 0 0 0
0 0 0 0
0 0 0 0
2 146 5 902
0 0 0 0
0 0 0 0
0 0 0 0
0 0 1 52
0 0 0 0
0 0 0 0
0 0 0 0
0 0 0 0
0 0 0 0
0 0 0 0
1 269 0 0
0 0 0 0
0 0 0 0
0 0 0 0
2 104 3 351
0 0 0 0
0 0 0 0
0 0 0 0
0 0 0 0
0 0 0 0
0 0 0 0
0 0 0 0
0 0 0 0
0 0 0 0
0 0 0 0
2 215 0 0
4 243 6 25065
0 0 1 52
0 0 0 0
0 0 0 0
0 0 0 0
0 0 0 0
0 0 0 0
1 124 0 0
0 0 0 0
0 0 0 0
0 0 0 0
6 408 7 38760
0 0 0 0
0 0 0 0
0 0 0 0
4 280 4 20954
0 0 0 0
0 0 0 0
0 0 0 0
0 0 0 0
0 0 0 0
0 0 0 0
0 0 0 0
0 0 0 0
0 0 0 0
0 0 0 0
0 0 0 0
0 0 0 0
4 913 1 55
3 167 3 192
0 0 0 0
3 204 7 628
0 0 0 0
0 0 0 0
0 0 1 52
0 0 0 0
2 462 0 0
1 52 3 195
0 0 0 0
0 0 0 0
0 0 0 0
7 399 6 7871
73 5034 70 648933
120 6693 122 1554525
63 3287 63 875431
0 0 0 0
1 58 2 105
3 816 1 57
0 0 0 0
2 115 4 461
0 0 0 0
1 58 1 52
0 0 1 53
0 0 0 0
0 0 0 0
0 0 0 0
0 0 0 0
0 0 0 0
0 0 0 0
0 0 0 0
0 0 0 0
1 52 1 52
0 0 0 0
1 76 0 0
0 0 1 76
3 817 1 57
1 63 1 88
1 52 3 373
0 0 0 0
4 316 2 14297
1 52 2 104
0 0 0 0
2 757 1 55
2 123 1 88
1 52 3 373
0 0 0 0
0 0 0 0
0 0 0 0
0 0 0 0
2 757 0 0
1 60 1 55
1 63 1 88
0 0 0 0
3 204 4 426
1 52 1 52
0 0 0 0
0 0 0 0
0 0 0 0
0 0 0 0
0 0 1 52
1 52 1 52
0 0 0 0
2 751 1 57
1 60 0 0
0 0 0 0
2 115 5 513
0 0 0 0
0 0 0 0
0 0 0 0
0 0 0 0
0 0 0 0
0 0 0 0
0 0 0 0
0 0 0 0
1 52 1 52
0 0 0 0
0 0 0 0
0 0 0 0
0 0 0 0
0 0 0 0
4 208 0 0
0 0 4 208
0 0 0 0
1 545 0 0
29 2728 25 112706
43 2543 45 625430
120 6240 123 1602228
127 6604 131 1830018
1 52 0 0
0 0 0 0
0 0 0 0
0 0 0 0
0 0 0 0
0 0 0 0
2 758 1 55
1 60 0 0
2 115 4 461
0 0 0 0
0 0 0 0
0 0 0 0
0 0 0 0
0 0 0 0
0 0 0 0
1 52 0 0
0 0 0 0
0 0 1 52
0 0 0 0
0 0 0 0
0 0 0 0
0 0 0 0
0 0 0 0
0 0 0 0
0 0 0 0
0 0 0 0
0 0 0 0
0 0 0 0
5 368 4 22939
0 0 1 52
0 0 0 0
0 0 0 0
0 0 0 0
0 0 0 0
0 0 0 0
0 0 0 0
0 0 0 0
0 0 0 0
0 0 0 0
3 810 1 55
1 63 2 140
2 146 2 321
0 0 0 0
0 0 1 52
0 0 0 0
0 0 0 0
0 0 0 0
0 0 0 0
0 0 0 0
0 0 0 0
0 0 0 0
0 0 0 0
0 0 0 0
0 0 0 0
0 0 0 0
0 0 0 0
0 0 0 0
0 0 0 0
0 0 0 0
2 751 1 55
1 60 0 0
2 115 5 513
0 0 0 0
0 0 0 0
0 0 0 0
0 0 0 0
0 0 0 0
0 0 0 0
0 0 0 0
0 0 0 0
0 0 0 0
0 0 0 0
0 0 0 0
0 0 0 0
1 52 0 0
0 0 1 52
0 0 0 0
0 0 0 0
0 0 0 0
0 0 0 0
1 544 0 0
1 60 1 55
0 0 0 0
0 0 0 0
0 0 0 0
3 187 3 264
1 58 2 105
0 0 0 0
0 0 0 0
0 0 0 0
0 0 0 0
0 0 0 0
0 0 0 0
0 0 0 0
0 0 0 0
1 52 1 52
0 0 0 0
0 0 0 0
0 0 0 0
0 0 0 0
0 0 0 0
0 0 0 0
0 0 0 0
0 0 0 0
0 0 0 0
0 0 0 0
0 0 0 0
0 0 0 0
0 0 0 0
0 0 0 0
0 0 0 0
0 0 0 0
0 0 0 0
4 232 3 195
0 0 0 0
2 146 2 143
0 0 0 0
0 0 1 52
0 0 0 0
0 0 0 0
0 0 0 0
1 52 1 52
0 0 0 0
0 0 0 0
0 0 0 0
0 0 0 0
0 0 0 0
0 0 0 0
0 0 0 0
0 0 0 0
1 52 0 0
0 0 0 0
0 0 1 52
0 0 0 0
0 0 0 0
0 0 0 0
0 0 0 0
1 52 1 52
0 0 0 0
0 0 0 0
0 0 0 0
0 0 0 0
0 0 0 0
0 0 0 0
0 0 0 0
0 0 0 0
0 0 0 0
0 0 0 0
0 0 0 0
1 52 1 52
0 0 0 0
0 0 0 0
0 0 0 0
0 0 0 0
0 0 0 0
3 1204 0 0
2 601 3 202
3 204 6 955
0 0 1 54
0 0 0 0
0 0 0 0
0 0 1 52
0 0 0 0
0 0 0 0
0 0 0 0
0 0 0 0
0 0 0 0
0 0 0 0
0 0 0 0
1 269 0 0
0 0 0 0
0 0 0 0
0 0 0 0
1 52 2 299
0 0 0 0
0 0 0 0
0 0 0 0
0 0 0 0
0 0 0 0
0 0 0 0
0 0 0 0
0 0 0 0
0 0 0 0
0 0 0 0
0 0 0 0
0 0 0 0
0 0 0 0
0 0 0 0
0 0 0 0
0 0 0 0
0 0 0 0
0 0 0 0
0 0 0 0
0 0 0 0
4 916 1 58
0 0 0 0
0 0 0 0
0 0 0 0
4 272 6 647
1 58 2 107
0 0 0 0
0 0 0 0
0 0 0 0
0 0 1 52
0 0 0 0
0 0 0 0
0 0 0 0
0 0 0 0
0 0 0 0
0 0 0 0
0 0 0 0
0 0 0 0
0 0 0 0
0 0 0 0
0 0 0 0
1 52 1 115
0 0 0 0
0 0 0 0
1 52 0 0
0 0 0 0
0 0 0 0
0 0 0 0
2 752 2 110
9 565 4 357
0 0 0 0
5 789 5 522
0 0 1 53
2 627 2 203
0 0 0 0
0 0 0 0
5 1809 3 4665
0 0 0 0
0 0 0 0
3 659 5 1678
0 0 0 0
0 0 0 0
0 0 0 0
1 64 1 89
1 76 1 53
0 0 0 0
0 0 0 0
0 0 0 0
0 0 0 0
0 0 0 0
0 0 0 0
0 0 0 0
0 0 0 0
0 0 0 0
0 0 0 0
0 0 0 0
0 0 0 0
0 0 0 0
0 0 0 0
1 76 0 0
0 0 0 0
0 0 0 0
0 0 0 0
0 0 0 0
0 0 0 0
0 0 0 0
0 0 0 0
0 0 0 0
0 0 0 0
0 0 0 0
0 0 0 0
0 0 0 0
0 0 0 0
0 0 0 0
0 0 0 0
0 0 0 0
0 0 0 0
0 0 0 0
0 0 0 0
0 0 0 0
0 0 0 0
0 0 0 0
0 0 0 0
0 0 0 0
0 0 0 0
0 0 0 0
0 0 0 0
0 0 0 0
0 0 0 0
0 0 0 0
1 76 0 0
0 0 0 0
0 0 0 0
0 0 0 0
0 0 0 0
1 52 1 52
0 0 0 0
0 0 0 0
0 0 0 0
0 0 0 0
0 0 0 0
0 0 0 0
0 0 0 0
3 180 5 338
0 0 0 0
0 0 0 0
0 0 0 0
0 0 0 0
0 0 0 0
0 0 0 0
0 0 0 0
0 0 0 0
0 0 0 0
0 0 0 0
0 0 0 0
0 0 0 0
0 0 0 0
0 0 0 0
0 0 0 0
0 0 0 0
0 0 0 0
0 0 0 0
0 0 0 0
0 0 0 0
0 0 0 0
0 0 0 0
0 0 0 0
0 0 0 0
0 0 0 0
0 0 0 0
0 0 0 0
0 0 0 0
0 0 0 0
0 0 0 0
0 0 0 0
0 0 0 0
0 0 0 0
0 0 0 0
0 0 0 0
0 0 0 0
0 0 0 0
0 0 0 0
0 0 0 0
0 0 0 0
0 0 0 0
0 0 0 0
0 0 0 0
0 0 0 0
0 0 0 0
0 0 0 0
0 0 0 0
0 0 0 0
0 0 0 0
0 0 0 0
1 76 0 0
0 0 0 0
0 0 0 0
0 0 0 0
0 0 0 0
1 52 1 52
0 0 0 0
0 0 0 0
0 0 0 0
0 0 0 0
0 0 0 0
0 0 0 0
0 0 0 0
2 133 2 129
0 0 0 0
0 0 0 0
0 0 1 52
0 0 0 0
0 0 0 0
0 0 0 0
0 0 0 0
0 0 0 0
0 0 0 0
0 0 0 0
0 0 0 0
0 0 0 0
1 52 1 52
0 0 0 0
0 0 0 0
0 0 0 0
0 0 0 0
0 0 0 0
0 0 0 0
0 0 0 0
0 0 0 0
0 0 0 0
0 0 0 0
0 0 0 0
0 0 0 0
0 0 0 0
0 0 0 0
0 0 0 0
0 0 0 0
0 0 0 0
0 0 0 0
0 0 0 0
0 0 0 0
0 0 0 0
0 0 0 0
0 0 0 0
0 0 0 0
0 0 0 0
0 0 0 0
0 0 0 0
1 52 1 52
0 0 0 0
0 0 0 0
0 0 0 0
0 0 0 0
0 0 0 0
0 0 0 0
0 0 0 0
0 0 0 0
0 0 0 0
0 0 0 0
0 0 0 0
0 0 0 0
0 0 0 0
0 0 0 0
0 0 0 0
0 0 0 0
0 0 0 0
0 0 0 0
0 0 0 0
0 0 0 0
1 52 1 52
0 0 0 0
0 0 0 0
0 0 0 0
0 0 0 0
0 0 0 0
0 0 0 0
0 0 0 0
0 0 0 0
0 0 0 0
0 0 0 0
0 0 0 0
0 0 0 0
0 0 0 0
0 0 0 0
0 0 0 0
0 0 0 0
1 52 1 52
0 0 0 0
0 0 0 0
3 156 3 156
0 0 0 0
0 0 0 0
0 0 0 0
0 0 0 0
0 0 0 0
0 0 0 0
0 0 0 0
0 0 0 0
0 0 0 0
0 0 0 0
0 0 0 0
0 0 0 0
0 0 0 0
0 0 0 0
2 667 0 0
0 0 0 0
0 0 0 0
0 0 0 0
3 198 6 981
0 0 0 0
1 52 1 52
0 0 0 0
0 0 1 52
0 0 0 0
0 0 0 0
0 0 0 0
0 0 0 0
0 0 0 0
1 269 0 0
1 52 1 247
1 76 0 0
0 0 0 0
0 0 0 0
0 0 0 0
0 0 0 0
0 0 0 0
4 484 3 195
1 52 3 195
0 0 0 0
1 52 1 52
7 399 6 8381
21 2716 20 36007
92 6683 97 1160085
157 8176 156 2090845
147 7644 152 2006540
0 0 0 0
0 0 0 0
0 0 0 0
0 0 0 0
0 0 0 0
0 0 0 0
0 0 0 0
0 0 0 0
0 0 0 0
0 0 0 0
0 0 0 0
0 0 0 0
0 0 0 0
0 0 0 0
0 0 0 0
0 0 0 0
0 0 0 0
0 0 0 0
0 0 0 0
0 0 0 0
0 0 0 0
0 0 0 0
0 0 0 0
0 0 0 0
0 0 0 0
0 0 0 0
8 1076 6 683
12 2260 12 2393
16 4602 14 2978
23 4117 17 3983
8 856 7 1673
11 1462 8 1765
16 3193 14 2523
11 1198 8 1754
11 2869 9 2246
11 1920 10 2620
2 507 1 52
0 0 0 0
0 0 0 0
0 0 0 0
0 0 0 0
0 0 0 0
8 3111 3 2306
0 0 0 0
2 557 1 838
0 0 0 0
0 0 0 0
14 1442 15 3321
3 267 5 1437
3 692 1 60
5 1272 4 4804
6 419 5 718
8 1724 6 1373
6 512 15 8136
5 458 5 1299
4 701 4 4345
0 0 0 0
4 502 5 3302
3 2797 2 155
0 0 0 0
4 242 5 1399
0 0 0 0
2 597 1 52
4 502 5 3302
2 645 3 195
0 0 0 0
1 797 2 677
2 725 2 1733
1 52 1 52
1 877 2 661
0 0 1 40
2 405 1 733
0 0 1 52
0 0 0 0
0 0 0 0
0 0 0 0
0 0 0 0
2 104 2 1208
0 0 0 0
3 1690 0 0
3 191 4 654
0 0 0 0
5 1422 5 706
0 0 0 0
0 0 0 0
0 0 0 0
6 4570 2 677
0 0 0 0
3 397 4 1809
4 263 5 3280
0 0 0 0
3 657 2 104
0 0 0 0
0 0 0 0
0 0 0 0
0 0 0 0
0 0 0 0
6 1099 6 3354
0 0 0 0
8 4411 7 3457
0 0 0 0
0 0 0 0
5 4029 5 1096
0 0 0 0
0 0 0 0
0 0 0 0
0 0 0 0
4 258 5 1117
0 0 0 0
0 0 0 0
8 2214 4 363
3 1052 6 940
0 0 0 0
0 0 0 0
1 103 4 208
0 0 0 0
0 0 0 0
4 3909 1 706
1 52 0 0
5 4029 3 941
0 0 0 0
0 0 0 0
0 0 3 861
2 657 0 0
0 0 0 0
0 0 0 0
0 0 0 0
5 1867 3 613
0 0 0 0
0 0 0 0
0 0 0 0
5 2250 6 954
0 0 0 0
0 0 0 0
0 0 0 0
0 0 0 0
1 52 4 517
2 1148 2 650
6 799 7 7120
10 6543 7 1744
3 203 1 785
3 816 6 2061
2 675 2 1116
5 1082 3 904
6 914 9 1882
0 0 0 0
0 0 0 0
0 0 0 0
1 87 1 52
0 0 0 0
6 2631 4 984
3 988 5 1069
1 609 1 52
0 0 0 0
2 769 2 524
0 0 0 0
0 0 0 0
0 0 1 52
0 0 0 0
0 0 0 0
0 0 0 0
0 0 0 0
1 52 1 9953
1 606 0 0
0 0 0 0
0 0 2 528
1 714 0 0
0 0 0 0
0 0 0 0
0 0 0 0
0 0 0 0
1 617 2 633
0 0 0 0
0 0 0 0
1 746 2 524
0 0 0 0
0 0 0 0
0 0 2 472
1 52 0 0
0 0 0 0
0 0 0 0
0 0 0 0
0 0 0 0
1 606 0 0
0 0 0 0
0 0 0 0
0 0 0 0
5 2259 2 525
0 0 0 0
0 0 0 0
1 574 4 503
3 191 4 655
0 0 0 0
14 6998 12 1031
28 4716 21 7795
0 0 0 0
0 0 0 0
0 0 0 0
4 1322 2 528
1 720 4 633
2 139 3 805
7 1695 6 2677
1 712 3 156
5 882 6 3044
1 735 1 52
5 1041 7 1789
1 739 1 52
0 0 0 0
1 52 1 3817
2 1420 2 524
0 0 1 52
2 690 2 1397
1 718 4 995
1 52 0 0
0 0 0 0
0 0 0 0
0 0 0 0
0 0 0 0
0 0 0 0
0 0 0 0
0 0 0 0
0 0 0 0
0 0 0 0
0 0 0 0
0 0 0 0
0 0 0 0
0 0 0 0
0 0 0 0
0 0 0 0
0 0 0 0
0 0 0 0
0 0 0 0
0 0 0 0
0 0 0 0
0 0 0 0
0 0 0 0
0 0 0 0
0 0 0 0
0 0 0 0
0 0 0 0
0 0 0 0
1 76 0 0
0 0 0 0
0 0 0 0
0 0 0 0
0 0 0 0
2 699 0 0
0 0 0 0
0 0 0 0
0 0 0 0
2 146 4 2287
1 52 1 115
0 0 0 0
0 0 0 0
0 0 1 52
0 0 0 0
0 0 0 0
0 0 0 0
0 0 0 0
0 0 0 0
0 0 0 0
0 0 0 0
0 0 0 0
0 0 0 0
0 0 0 0
0 0 0 0
0 0 0 0
0 0 0 0
0 0 0 0
0 0 0 0
0 0 0 0
0 0 0 0
0 0 0 0
4 727 1 52
0 0 0 0
1 52 5 855
0 0 0 0
0 0 0 0
0 0 0 0
1 52 1 52
0 0 0 0
0 0 0 0
0 0 0 0
1 269 0 0
0 0 0 0
0 0 0 0
0 0 0 0
1 52 2 299
0 0 0 0
0 0 0 0
0 0 0 0
0 0 0 0
0 0 0 0
0 0 0 0
0 0 0 0
0 0 0 0
0 0 0 0
0 0 0 0
0 0 0 0
0 0 0 0
0 0 0 0
0 0 0 0
0 0 0 0
0 0 0 0
0 0 0 0
0 0 0 0
0 0 0 0
0 0 0 0
0 0 0 0
0 0 0 0
0 0 0 0
0 0 0 0
0 0 0 0
0 0 0 0
0 0 0 0
0 0 0 0
0 0 0 0
0 0 0 0
0 0 0 0
0 0 0 0
0 0 0 0
0 0 0 0
0 0 0 0
1 52 1 52
0 0 0 0
1 52 0 0
0 0 0 0
0 0 1 52
0 0 0 0
0 0 0 0
0 0 0 0
0 0 0 0
0 0 0 0
0 0 0 0
0 0 0 0
4 232 3 233
0 0 0 0
0 0 0 0
0 0 0 0
0 0 1 52
0 0 0 0
0 0 0 0
0 0 0 0
0 0 0 0
0 0 0 0
0 0 0 0
0 0 0 0
0 0 0 0
0 0 0 0
0 0 0 0
0 0 0 0
0 0 0 0
0 0 0 0
0 0 0 0
0 0 0 0
0 0 0 0
0 0 0 0
0 0 0 0
0 0 0 0
0 0 0 0
0 0 0 0
0 0 0 0
0 0 0 0
0 0 0 0
1 52 1 52
0 0 0 0
0 0 0 0
0 0 0 0
0 0 0 0
0 0 0 0
0 0 0 0
0 0 0 0
0 0 0 0
0 0 0 0
0 0 0 0
0 0 0 0
0 0 0 0
0 0 0 0
0 0 0 0
0 0 0 0
0 0 0 0
0 0 0 0
0 0 0 0
0 0 0 0
1 52 1 52
0 0 0 0
0 0 0 0
0 0 0 0
0 0 0 0
0 0 0 0
0 0 0 0
0 0 0 0
0 0 0 0
0 0 0 0
1 52 2 128
0 0 0 0
0 0 0 0
0 0 0 0
0 0 0 0
0 0 0 0
0 0 0 0
0 0 0 0
0 0 0 0
0 0 0 0
0 0 0 0
2 104 2 104
0 0 0 0
0 0 0 0
0 0 0 0
0 0 0 0
0 0 0 0
0 0 0 0
0 0 0 0
0 0 0 0
0 0 0 0
0 0 0 0
0 0 0 0
0 0 0 0
1 199 0 0
0 0 0 0
0 0 0 0
0 0 0 0
0 0 0 0
0 0 0 0
0 0 0 0
0 0 0 0
0 0 0 0
0 0 0 0
1 199 0 0
0 0 0 0
0 0 0 0
0 0 0 0
1 52 1 52
0 0 0 0
0 0 0 0
0 0 0 0
0 0 0 0
0 0 0 0
1 199 0 0
0 0 0 0
0 0 0 0
1 620 0 0
0 0 0 0
0 0 0 0
0 0 0 0
2 791 2 549
2 702 1 52
1 52 0 0
5 442 6 993
1 52 3 5269
1 52 2 104
0 0 0 0
0 0 0 0
0 0 0 0
0 0 0 0
0 0 0 0
0 0 0 0
0 0 0 0
1 609 0 0
27 6760 24 4786
59 42247 54 19659
74 20086 107 35744
46 3814 65 16464
10 1804 8 1337
13 3031 15 2527
18 1727 16 3087
0 0 0 0
0 0 0 0
0 0 0 0
4 1377 2 135
6 2447 4 624
7 458 11 2096
3 220 4 672
0 0 1 52
0 0 0 0
0 0 0 0
2 172 2 484
0 0 0 0
1 52 1 52
0 0 0 0
0 0 0 0
0 0 0 0
0 0 0 0
0 0 0 0
0 0 0 0
0 0 0 0
0 0 0 0
0 0 0 0
0 0 0 0
0 0 0 0
0 0 0 0
0 0 0 0
0 0 0 0
0 0 0 0
0 0 0 0
0 0 0 0
0 0 0 0
0 0 0 0
0 0 0 0
0 0 0 0
0 0 0 0
0 0 0 0
0 0 0 0
0 0 0 0
0 0 0 0
0 0 0 0
0 0 0 0
0 0 0 0
0 0 0 0
0 0 0 0
1 40 0 0
0 0 0 0
0 0 0 0
0 0 0 0
0 0 1 40
0 0 0 0
0 0 0 0
0 0 0 0
1 674 0 0
0 0 0 0
0 0 0 0
2 845 2 538
0 0 0 0
3 735 2 2131
0 0 0 0
0 0 0 0
0 0 0 0
4 751 3 800
0 0 0 0
0 0 0 0
0 0 0 0
2 151 4 251
1 82 0 0
0 0 1 64
1 650 1 52
0 0 0 0
1 769 2 538
0 0 0 0
0 0 0 0
0 0 0 0
0 0 0 0
0 0 2 751
1 52 0 0
0 0 0 0
0 0 0 0
0 0 0 0
3 206 2 190
0 0 0 0
2 390 1 60
0 0 0 0
0 0 0 0
1 663 0 0
7 1583 5 4821
0 0 0 0
0 0 0 0
4 320 8 1691
2 104 0 0
0 0 0 0
3 681 1 60
6 921 4 620
0 0 0 0
10 2848 5 4748
5 618 11 14687
0 0 0 0
0 0 0 0
6 1237 12 5479
0 0 0 0
2 104 6 1248
2 104 1 52
0 0 0 0
0 0 0 0
0 0 1 52
0 0 0 0
0 0 0 0
1 40 0 0
0 0 1 40
3 1116 0 0
1 689 0 0
0 0 0 0
0 0 0 0
5 1058 7 1537
0 0 0 0
0 0 0 0
1 52 4 975
1 52 0 0
0 0 0 0
1 269 0 0
0 0 0 0
1 52 2 299
1 52 0 0
0 0 1 52
0 0 0 0
1 40 0 0
0 0 0 0
1 782 1 40
0 0 0 0
1 52 2 799
0 0 0 0
0 0 0 0
0 0 0 0
0 0 0 0
1 52 1 79
0 0 0 0
0 0 0 0
0 0 0 0
0 0 0 0
1 782 0 0
0 0 0 0
1 52 2 800
0 0 0 0
0 0 0 0
0 0 0 0
0 0 0 0
0 0 0 0
0 0 0 0
0 0 0 0
0 0 0 0
0 0 0 0
1 782 0 0
0 0 0 0
2 727 2 800
0 0 0 0
0 0 0 0
0 0 0 0
0 0 0 0
1 794 2 538
1 52 2 2142
0 0 0 0
0 0 0 0
0 0 0 0
0 0 0 0
0 0 0 0
0 0 0 0
0 0 0 0
0 0 0 0
0 0 0 0
0 0 0 0
0 0 0 0
0 0 0 0
0 0 0 0
0 0 0 0
0 0 0 0
0 0 0 0
0 0 0 0
0 0 0 0
0 0 0 0
0 0 0 0
0 0 0 0
0 0 0 0
0 0 0 0
0 0 0 0
0 0 0 0
0 0 0 0
0 0 0 0
0 0 0 0
0 0 0 0
0 0 0 0
0 0 0 0
0 0 0 0
0 0 0 0
0 0 0 0
0 0 0 0
0 0 0 0
0 0 0 0
0 0 0 0
0 0 0 0
0 0 0 0
0 0 0 0
4 232 6 466
1 52 0 0
0 0 0 0
0 0 1 52
0 0 0 0
0 0 0 0
0 0 0 0
0 0 0 0
0 0 0 0
11 4647 8 486
0 0 0 0
0 0 0 0
16 1183 18 6786
0 0 0 0
0 0 0 0
0 0 0 0
1 52 2 104
0 0 0 0
0 0 0 0
0 0 0 0
0 0 0 0
0 0 0 0
0 0 0 0
0 0 0 0
0 0 0 0
0 0 0 0
0 0 0 0
0 0 0 0
0 0 0 0
0 0 0 0
0 0 0 0
2 104 2 143
1 469 1 52
0 0 0 0
1 52 2 201
0 0 0 0
0 0 0 0
0 0 0 0
0 0 0 0
0 0 0 0
0 0 0 0
0 0 0 0
0 0 0 0
0 0 0 0
0 0 0 0
0 0 0 0
0 0 0 0
0 0 0 0
13 1494 14 2514
0 0 1 52
0 0 0 0
0 0 0 0
0 0 0 0
0 0 0 0
0 0 0 0
0 0 0 0
0 0 0 0
0 0 0 0
0 0 0 0
0 0 0 0
0 0 0 0
0 0 0 0
0 0 0 0
0 0 0 0
0 0 0 0
0 0 0 0
0 0 0 0
0 0 0 0
0 0 0 0
0 0 0 0
0 0 0 0
0 0 0 0
0 0 0 0
0 0 0 0
0 0 0 0
6 950 4 247
2 861 4 642
0 0 0 0
0 0 0 0
2 92 3 1464
2 864 0 0
1 498 1 52
0 0 0 0
0 0 0 0
8 522 9 2005
1 76 1 52
0 0 0 0
0 0 1 52
0 0 0 0
0 0 0 0
0 0 0 0
0 0 0 0
0 0 0 0
0 0 0 0
0 0 0 0
0 0 0 0
0 0 0 0
0 0 0 0
0 0 0 0
0 0 0 0
0 0 0 0
0 0 0 0
0 0 0 0
0 0 0 0
0 0 0 0
0 0 0 0
0 0 0 0
0 0 0 0
0 0 0 0
0 0 0 0
0 0 0 0
0 0 0 0
0 0 0 0
0 0 0 0
0 0 0 0
1 619 0 0
0 0 0 0
0 0 0 0
1 760 2 524
0 0 0 0
0 0 0 0
0 0 1 52
0 0 0 0
0 0 0 0
0 0 0 0
0 0 0 0
0 0 0 0
0 0 0 0
0 0 0 0
4 468 5 1386
4 1793 4 239
0 0 0 0
6 406 4 1484
0 0 2 104
0 0 0 0
0 0 0 0
0 0 0 0
0 0 0 0
0 0 0 0
0 0 0 0
0 0 0 0
0 0 0 0
0 0 0 0
0 0 0 0
0 0 0 0
0 0 0 0
0 0 0 0
0 0 0 0
0 0 0 0
0 0 0 0
0 0 0 0
0 0 0 0
0 0 0 0
0 0 0 0
0 0 0 0
0 0 0 0
0 0 0 0
0 0 0 0
1 52 1 115
0 0 0 0
0 0 0 0
0 0 0 0
0 0 0 0
0 0 0 0
0 0 0 0
0 0 0 0
0 0 0 0
1 52 1 52
0 0 0 0
0 0 0 0
0 0 0 0
0 0 0 0
1 717 0 0
0 0 0 0
0 0 0 0
1 52 2 599
0 0 0 0
0 0 0 0
0 0 0 0
2 1036 0 0
0 0 0 0
2 139 4 859
0 0 0 0
0 0 0 0
0 0 1 52
0 0 0 0
0 0 0 0
2 104 2 104
0 0 0 0
0 0 0 0
0 0 0 0
0 0 0 0
0 0 0 0
0 0 0 0
0 0 0 0
0 0 0 0
0 0 0 0
0 0 0 0
0 0 0 0
0 0 0 0
0 0 0 0
0 0 0 0
0 0 0 0
0 0 0 0
0 0 0 0
0 0 0 0
0 0 0 0
0 0 0 0
0 0 0 0
0 0 0 0
0 0 0 0
0 0 0 0
2 667 0 0
0 0 0 0
0 0 0 0
0 0 0 0
2 146 5 902
0 0 0 0
1 269 0 0
1 52 2 299
1 52 1 52
0 0 0 0
0 0 0 0
0 0 0 0
1 643 0 0
0 0 0 0
0 0 0 0
0 0 0 0
2 803 2 535
0 0 0 0
0 0 0 0
1 739 2 399
0 0 0 0
1 52 1 52
0 0 0 0
0 0 0 0
2 104 3 5197
0 0 0 0
0 0 0 0
0 0 0 0
0 0 0 0
0 0 0 0
0 0 0 0
0 0 0 0
0 0 0 0
0 0 0 0
0 0 0 0
0 0 0 0
0 0 0 0
4 208 3 156
0 0 1 52
0 0 0 0
0 0 0 0
0 0 0 0
0 0 0 0
0 0 0 0
1 52 0 0
2 849 0 0
2 139 5 909
0 0 0 0
0 0 1 52
0 0 0 0
0 0 0 0
0 0 0 0
0 0 0 0
0 0 0 0
0 0 0 0
0 0 0 0
0 0 0 0
0 0 0 0
1 313 0 0
0 0 0 0
0 0 0 0
0 0 0 0
0 0 0 0
0 0 0 0
0 0 0 0
0 0 0 0
0 0 0 0
0 0 0 0
0 0 0 0
0 0 0 0
0 0 0 0
0 0 0 0
0 0 0 0
0 0 0 0
0 0 0 0
0 0 0 0
0 0 0 0
0 0 0 0
0 0 0 0
0 0 0 0
0 0 0 0
0 0 0 0
0 0 0 0
0 0 0 0
0 0 0 0
0 0 0 0
0 0 0 0
0 0 0 0
0 0 0 0
1 809 0 0
0 0 0 0
0 0 0 0
0 0 0 0
1 52 2 1433
2 865 0 0
0 0 0 0
0 0 0 0
0 0 0 0
6 347 7 1045
0 0 0 0
0 0 0 0
0 0 2 92
2 134 0 0
0 0 0 0
0 0 2 104
0 0 0 0
0 0 0 0
0 0 0 0
0 0 0 0
0 0 0 0
0 0 0 0
0 0 0 0
0 0 0 0
0 0 0 0
0 0 0 0
0 0 0 0
0 0 0 0
0 0 0 0
0 0 0 0
0 0 0 0
0 0 0 0
0 0 0 0
0 0 0 0
0 0 0 0
1 52 0 0
0 0 0 0
0 0 0 0
1 52 2 104
2 671 0 0
0 0 0 0
0 0 0 0
1 52 4 854
0 0 0 0
0 0 0 0
0 0 0 0
0 0 0 0
0 0 0 0
0 0 0 0
0 0 0 0
1 52 1 52
0 0 0 0
0 0 0 0
0 0 0 0
0 0 0 0
1 699 0 0
0 0 0 0
1 818 2 538
0 0 0 0
0 0 0 0
3 736 2 1445
0 0 0 0
0 0 0 0
0 0 0 0
0 0 0 0
0 0 0 0
4 806 3 809
0 0 0 0
3 168 5 936
0 0 0 0
1 40 0 0
0 0 0 0
0 0 0 0
0 0 0 0
0 0 0 0
0 0 0 0
0 0 1 40
0 0 0 0
0 0 0 0
0 0 0 0
0 0 0 0
0 0 0 0
0 0 0 0
0 0 0 0
0 0 0 0
0 0 0 0
1 52 1 52
0 0 0 0
0 0 0 0
0 0 0 0
0 0 0 0
1 40 0 0
0 0 0 0
0 0 0 0
0 0 1 40
0 0 0 0
0 0 0 0
0 0 0 0
0 0 0 0
0 0 0 0
0 0 0 0
0 0 0 0
0 0 0 0
0 0 0 0
0 0 0 0
0 0 0 0
0 0 0 0
1 81 1 77
0 0 0 0
0 0 0 0
0 0 1 52
0 0 0 0
0 0 0 0
0 0 0 0
0 0 0 0
0 0 0 0
0 0 0 0
0 0 0 0
0 0 0 0
0 0 0 0
1 619 0 0
1 760 2 524
0 0 0 0
0 0 0 0
1 52 2 104
0 0 0 0
0 0 0 0
0 0 0 0
0 0 0 0
0 0 1 1137
1 52 0 0
0 0 0 0
0 0 0 0
0 0 0 0
0 0 0 0
0 0 0 0
0 0 0 0
0 0 0 0
0 0 0 0
0 0 0 0
0 0 0 0
0 0 0 0
0 0 0 0
0 0 0 0
0 0 0 0
0 0 0 0
0 0 0 0
0 0 0 0
0 0 0 0
0 0 0 0
1 52 0 0
0 0 0 0
0 0 0 0
0 0 1 52
0 0 0 0
0 0 0 0
0 0 0 0
0 0 0 0
0 0 0 0
0 0 0 0
0 0 0 0
0 0 0 0
0 0 0 0
0 0 0 0
0 0 0 0
0 0 0 0
0 0 0 0
0 0 0 0
0 0 0 0
0 0 0 0
0 0 0 0
0 0 0 0
0 0 0 0
1 52 1 52
0 0 0 0
0 0 0 0
0 0 0 0
0 0 0 0
0 0 0 0
0 0 0 0
0 0 0 0
0 0 0 0
0 0 0 0
0 0 0 0
0 0 0 0
0 0 0 0
0 0 0 0
0 0 0 0
0 0 0 0
0 0 0 0
0 0 0 0
1 52 1 52
0 0 0 0
0 0 0 0
0 0 0 0
0 0 0 0
0 0 0 0
0 0 0 0
0 0 0 0
0 0 0 0
0 0 0 0
0 0 0 0
0 0 0 0
0 0 0 0
0 0 0 0
0 0 0 0
0 0 0 0
0 0 0 0
0 0 0 0
0 0 0 0
0 0 0 0
0 0 0 0
0 0 0 0
0 0 0 0
0 0 0 0
0 0 0 0
2 701 0 0
1 269 0 0
0 0 0 0
0 0 0 0
6 1825 7 1200
0 0 0 0
0 0 0 0
3 705 4 517
0 0 0 0
0 0 0 0
0 0 0 0
0 0 0 0
3 675 3 1535
0 0 0 0
0 0 0 0
1 52 3 751
0 0 0 0
0 0 0 0
0 0 0 0
1 52 0 0
0 0 1 52
0 0 0 0
0 0 0 0
1 52 1 52
0 0 0 0
0 0 0 0
0 0 0 0
0 0 0 0
0 0 0 0
0 0 0 0
0 0 0 0
0 0 0 0
0 0 0 0
0 0 0 0
0 0 0 0
0 0 0 0
0 0 0 0
0 0 0 0
0 0 0 0
0 0 0 0
0 0 0 0
0 0 0 0
0 0 0 0
0 0 0 0
0 0 0 0
0 0 0 0
0 0 0 0
1 52 1 79
0 0 0 0
0 0 0 0
3 156 3 195
0 0 0 0
0 0 0 0
0 0 0 0
0 0 0 0
0 0 0 0
0 0 0 0
0 0 0 0
0 0 0 0
0 0 0 0
0 0 0 0
0 0 0 0
0 0 0 0
0 0 0 0
0 0 0 0
0 0 0 0
0 0 0 0
0 0 0 0
0 0 0 0
0 0 0 0
0 0 0 0
0 0 0 0
0 0 0 0
0 0 0 0
0 0 0 0
0 0 0 0
0 0 0 0
0 0 0 0
0 0 0 0
6 3348 2 665
7 458 11 7584
19 2791 31 33785
4 306 6 2603
2 134 3 291
2 663 0 0
0 0 0 0
0 0 0 0
0 0 0 0
0 0 1 52
0 0 0 0
0 0 0 0
6 994 2 700
20 7398 26 21136
19 1228 28 26608
8 1277 12 1199
14 4442 8 960
6 941 9 3470
1 60 1 53
0 0 0 0
0 0 0 0
0 0 0 0
0 0 0 0
10 598 58 67929
0 0 0 0
0 0 0 0
4 2755 2 110
0 0 0 0
0 0 0 0
0 0 0 0
0 0 0 0
18 4395 12 10139
60 4546 110 113523
33 2014 242 302938
0 0 0 0
0 0 0 0
2 429 1 57
9 3579 7 2782
13 3941 15 7003
2 125 4 227
9 2977 6 2756
16 952 30 33986
4 1636 6 497
1 52 1 53
0 0 1 52
9 4102 6 2060
3 3776 3 162
11 3757 30 33620
5 297 34 33809
25 6226 24 68335
67 9331 73 794317
30 4961 47 412466
8 618 36 43138
1 52 2 3670
21 5966 12 15664
79 9348 137 160241
101 8194 284 348647
81 7779 252 306177
7 1541 7 407
1 64 2 236
0 0 0 0
0 0 0 0
0 0 0 0
0 0 0 0
0 0 0 0
0 0 0 0
3 269 3 207
0 0 0 0
3 269 3 178
0 0 0 0
0 0 0 0
0 0 0 0
0 0 0 0
0 0 0 0
0 0 0 0
0 0 0 0
0 0 0 0
0 0 0 0
0 0 0 0
0 0 0 0
0 0 0 0
0 0 0 0
0 0 0 0
0 0 0 0
0 0 0 0
4 384 6 3981
1 52 2 169
0 0 0 0
0 0 0 0
0 0 0 0
17 1995 121 152274
15 922 115 146324
0 0 0 0
0 0 0 0
4 1247 3 208
0 0 1 54
2 246 1 55
0 0 0 0
18 1675 87 99059
0 0 1 52
0 0 0 0
0 0 0 0
4 3301 2 111
5 281 6 388
1 52 0 0
0 0 0 0
0 0 1 52
27 2635 154 184297
0 0 0 0
5 305 39 48257
0 0 0 0
13 1813 94 116426
59 3615 521 662754
0 0 0 0
23 2074 112 132606
1 61 3 218
5 4748 2 111
5 314 33 37523
1 63 1 54
1 52 1 52
0 0 0 0
0 0 0 0
30 2977 133 150683
2 123 2 1265
4 245 24 27281
0 0 0 0
0 0 0 0
0 0 0 0
0 0 0 0
0 0 0 0
3 496 3 207
0 0 0 0
0 0 0 0
0 0 0 0
0 0 0 0
20 2506 25 14516
22 1361 181 227060
15 1544 17 13713
1 61 3 160
0 0 0 0
0 0 0 0
0 0 0 0
0 0 0 0
0 0 0 0
0 0 0 0
0 0 0 0
5 1008 1 58
68 6640 359 424154
34 2109 308 378151
0 0 0 0
6 372 51 60968
4 3399 3 165
0 0 0 0
5 305 31 37108
0 0 0 0
0 0 0 0
0 0 0 0
34 5781 29 26848
87 5792 795 974911
6 372 54 64009
0 0 0 0
0 0 0 0
0 0 0 0
0 0 0 0
0 0 0 0
0 0 0 0
0 0 0 0
1 40 0 0
0 0 1 40
0 0 0 0
0 0 0 0
1 82 0 0
0 0 1 52
0 0 0 0
0 0 0 0
0 0 0 0
0 0 0 0
1 87 0 0
1 52 1 83
0 0 0 0
54 6060 381 475411
0 0 2 107
0 0 0 0
11 4643 14 7801
3 165 3 6737
14 2764 16 70345
17 2758 16 67803
13 5870 10 70040
8 494 32 33333
0 0 0 0
18 4719 15 94218
13 2530 14 70409
35 13285 25 200356
4 208 4 36401
5 305 35 40557
9 2322 7 72215
25 3245 24 266449
16 5750 11 148180
9 557 56 56773
42 7259 39 758934
16 832 18 309938
2 488 1 58
22 3502 89 101373
7 752 16 8027
5 621 6 5871
26 3728 42 96361
47 4950 202 493266
96 9370 115 1996333
40 3250 51 1124091
33 1797 75 941699
0 0 0 0
0 0 0 0
3 275 3 208
3 275 3 179
0 0 0 0
0 0 0 0
0 0 0 0
0 0 0 0
0 0 0 0
0 0 0 0
0 0 0 0
0 0 0 0
0 0 0 0
0 0 0 0
1 52 0 0
1 269 1 52
1 52 2 299
22 4950 19 577694
35 1820 36 1025832
3 168 3 75698
0 0 0 0
1 40 0 0
0 0 0 0
0 0 1 40
0 0 0 0
15 2730 13 572548
27 2001 26 955469
0 0 0 0
1 52 3 202
7 2318 2 700
0 0 0 0
3 706 4 460
0 0 0 0
0 0 0 0
0 0 1 52
3 676 2 1941
0 0 0 0
1 52 3 752
0 0 0 0
1 40 0 0
0 0 1 40
0 0 0 0
0 0 0 0
4 3303 2 112
2 126 3 206
0 0 0 0
0 0 0 0
0 0 0 0
0 0 0 0
0 0 0 0
0 0 0 0
0 0 0 0
0 0 0 0
0 0 0 0
0 0 0 0
0 0 0 0
0 0 0 0
1 52 0 0
0 0 0 0
0 0 1 52
1 52 0 0
0 0 0 0
1 52 2 104
0 0 0 0
1 313 0 0
0 0 0 0
0 0 0 0
0 0 0 0
0 0 0 0
0 0 0 0
0 0 0 0
0 0 0 0
0 0 0 0
0 0 0 0
0 0 0 0
1 52 0 0
0 0 0 0
0 0 0 0
0 0 1 52
0 0 0 0
0 0 0 0
0 0 0 0
0 0 0 0
33 3666 31 754300
50 4456 49 1135475
0 0 0 0
0 0 0 0
0 0 0 0
0 0 0 0
0 0 0 0
0 0 0 0
0 0 0 0
0 0 0 0
0 0 0 0
0 0 0 0
0 0 0 0
0 0 0 0
0 0 0 0
1 52 0 0
2 936 1 58
2 126 4 245
0 0 0 0
0 0 0 0
0 0 0 0
3 2107 1 52
59 3068 63 1324737
0 0 0 0
0 0 0 0
0 0 0 0
0 0 0 0
0 0 0 0
0 0 0 0
0 0 0 0
0 0 0 0
0 0 0 0
0 0 0 0
0 0 0 0
0 0 0 0
0 0 0 0
0 0 0 0
0 0 0 0
0 0 0 0
0 0 0 0
0 0 0 0
0 0 0 0
0 0 0 0
0 0 0 0
0 0 0 0
2 128 0 0
0 0 0 0
1 40 3 180
0 0 0 0
0 0 0 0
0 0 0 0
0 0 0 0
0 0 0 0
9 2420 7 148484
86 4472 88 1831804
0 0 0 0
0 0 0 0
0 0 0 0
0 0 0 0
0 0 0 0
0 0 0 0
1 199 0 0
0 0 0 0
0 0 0 0
0 0 0 0
0 0 0 0
0 0 0 0
0 0 0 0
0 0 0 0
0 0 0 0
0 0 0 0
1 199 0 0
0 0 0 0
0 0 0 0
0 0 0 0
62 5176 61 1413714
0 0 0 0
0 0 0 0
0 0 0 0
4 232 3 219
0 0 0 0
1 199 1 52
0 0 0 0
0 0 0 0
0 0 0 0
0 0 0 0
0 0 0 0
0 0 0 0
0 0 0 0
0 0 0 0
0 0 0 0
1 199 0 0
0 0 0 0
0 0 0 0
0 0 0 0
0 0 0 0
24 5057 21 463992
73 3796 75 1670263
0 0 0 0
0 0 0 0
0 0 0 0
0 0 0 0
0 0 0 0
0 0 0 0
0 0 0 0
0 0 0 0
0 0 0 0
0 0 0 0
0 0 0 0
0 0 0 0
0 0 0 0
0 0 0 0
0 0 0 0
0 0 0 0
0 0 0 0
1 81 1 77
4 1014 4 261
0 0 1 54
0 0 0 0
0 0 0 0
0 0 0 0
0 0 0 0
0 0 0 0
0 0 0 0
0 0 0 0
0 0 0 0
0 0 0 0
0 0 0 0
63 5228 62 1588911
1 52 1 52
0 0 0 0
0 0 0 0
0 0 0 0
0 0 0 0
0 0 0 0
0 0 0 0
0 0 0 0
0 0 0 0
0 0 0 0
0 0 0 0
0 0 0 0
0 0 0 0
0 0 0 0
0 0 0 0
0 0 0 0
0 0 0 0
0 0 0 0
0 0 0 0
0 0 0 0
32 3616 33 787205
38 1976 38 967553
0 0 0 0
0 0 0 0
0 0 0 0
0 0 0 0
0 0 0 0
0 0 0 0
0 0 0 0
1 52 1 52
0 0 0 0
0 0 0 0
0 0 0 0
0 0 0 0
0 0 0 0
0 0 0 0
0 0 0 0
0 0 0 0
0 0 0 0
0 0 0 0
0 0 0 0
20 2992 18 367153
54 2808 55 1219548
16 832 17 406765
0 0 0 0
0 0 0 0
0 0 0 0
0 0 0 0
0 0 0 0
0 0 0 0
1 52 1 52
0 0 0 0
0 0 0 0
0 0 0 0
0 0 0 0
0 0 0 0
0 0 0 0
0 0 0 0
0 0 0 0
0 0 0 0
0 0 0 0
0 0 0 0
0 0 0 0
0 0 0 0
0 0 0 0
0 0 0 0
0 0 0 0
0 0 0 0
0 0 0 0
0 0 0 0
0 0 0 0
0 0 0 0
0 0 0 0
16 2784 14 308560
57 2964 58 1405245
0 0 0 0
0 0 0 0
0 0 0 0
0 0 0 0
0 0 0 0
0 0 0 0
0 0 0 0
0 0 0 0
0 0 0 0
0 0 0 0
0 0 0 0
0 0 0 0
4 1015 4 263
0 0 0 0
0 0 0 0
0 0 0 0
0 0 0 0
0 0 0 0
0 0 0 0
3 2108 0 0
68 3536 71 1707206
8 416 8 180893
0 0 0 0
0 0 0 0
0 0 0 0
0 0 0 0
0 0 0 0
0 0 0 0
1 269 0 0
1 52 1 247
0 0 0 0
0 0 0 0
2 887 1 58
2 126 3 205
0 0 0 0
0 0 0 0
0 0 0 0
0 0 0 0
0 0 0 0
0 0 0 0
0 0 0 0
0 0 0 0
0 0 0 0
0 0 0 0
0 0 0 0
0 0 0 0
0 0 0 0
0 0 0 0
0 0 0 0
0 0 0 0
0 0 0 0
5 2777 1 52
68 3536 70 1737288
27 3304 29 583113
0 0 0 0
0 0 0 0
0 0 1 52
3 156 0 0
0 0 3 156
0 0 0 0
0 0 0 0
0 0 0 0
0 0 0 0
0 0 0 0
0 0 0 0
0 0 0 0
0 0 0 0
0 0 0 0
0 0 0 0
0 0 0 0
0 0 0 0
0 0 0 0
0 0 0 0
0 0 0 0
0 0 0 0
0 0 0 0
1 52 1 52
2 104 0 0
0 0 0 0
0 0 2 104
0 0 0 0
0 0 0 0
0 0 0 0
0 0 0 0
0 0 0 0
0 0 0 0
0 0 0 0
0 0 0 0
0 0 0 0
0 0 0 0
0 0 0 0
0 0 0 0
0 0 0 0
0 0 0 0
0 0 0 0
0 0 0 0
0 0 0 0
0 0 0 0
0 0 0 0
0 0 0 0
1 52 1 79
0 0 0 0
0 0 0 0
0 0 0 0
3 2108 0 0
88 4576 90 2106109
0 0 0 0
0 0 0 0
0 0 0 0
0 0 0 0
0 0 0 0
0 0 0 0
0 0 0 0
0 0 0 0
0 0 0 0
0 0 0 0
0 0 0 0
0 0 0 0
0 0 0 0
0 0 0 0
0 0 0 0
0 0 0 0
0 0 0 0
0 0 0 0
1 82 0 0
0 0 1 52
0 0 0 0
0 0 0 0
0 0 0 0
0 0 0 0
0 0 0 0
0 0 0 0
0 0 0 0
0 0 0 0
0 0 0 0
0 0 0 0
0 0 0 0
0 0 0 0
0 0 0 0
2 92 1 52
0 0 1 40
1 52 1 52
0 0 0 0
0 0 0 0
0 0 0 0
0 0 0 0
0 0 0 0
43 4188 41 935932
44 2288 45 949578
0 0 0 0
0 0 0 0
0 0 0 0
1 52 1 52
0 0 0 0
0 0 0 0
0 0 0 0
0 0 0 0
0 0 0 0
0 0 0 0
1 52 1 52
1 52 0 0
1 52 2 167
0 0 0 0
0 0 0 0
0 0 0 0
0 0 0 0
0 0 0 0
0 0 0 0
0 0 0 0
0 0 0 0
0 0 0 0
0 0 0 0
0 0 0 0
0 0 0 0
0 0 0 0
0 0 0 0
0 0 0 0
0 0 0 0
0 0 0 0
0 0 0 0
0 0 0 0
0 0 0 0
0 0 0 0
0 0 0 0
0 0 0 0
0 0 0 0
0 0 0 0
0 0 0 0
0 0 0 0
0 0 0 0
0 0 0 0
0 0 0 0
0 0 0 0
0 0 0 0
0 0 0 0
0 0 0 0
0 0 0 0
0 0 0 0
0 0 0 0
0 0 0 0
1 40 0 0
0 0 0 0
0 0 1 40
0 0 0 0
0 0 0 0
0 0 0 0
0 0 0 0
0 0 0 0
0 0 0 0
0 0 0 0
0 0 0 0
0 0 0 0
0 0 0 0
0 0 0 0
0 0 0 0
0 0 0 0
0 0 0 0
0 0 0 0
0 0 0 0
0 0 0 0
0 0 0 0
1 40 0 0
0 0 1 40
0 0 0 0
0 0 0 0
0 0 0 0
0 0 0 0
0 0 0 0
0 0 0 0
0 0 0 0
0 0 0 0
0 0 0 0
0 0 0 0
0 0 0 0
0 0 0 0
0 0 0 0
0 0 0 0
0 0 0 0
7 505 7 578
0 0 0 0
0 0 0 0
3 156 3 345
0 0 0 0
0 0 1 52
0 0 0 0
0 0 0 0
0 0 0 0
0 0 0 0
0 0 0 0
0 0 0 0
0 0 0 0
0 0 0 0
0 0 0 0
13 2628 11 195060
70 3640 71 1449436
0 0 0 0
0 0 0 0
0 0 0 0
0 0 0 0
0 0 0 0
0 0 0 0
0 0 0 0
0 0 0 0
0 0 0 0
0 0 0 0
0 0 0 0
0 0 0 0
0 0 0 0
0 0 0 0
0 0 0 0
0 0 0 0
0 0 0 0
0 0 0 0
0 0 0 0
0 0 0 0
0 0 0 0
0 0 0 0
0 0 0 0
0 0 0 0
0 0 0 0
0 0 0 0
0 0 0 0
0 0 0 0
0 0 0 0
0 0 0 0
0 0 0 0
0 0 0 0
0 0 0 0
0 0 0 0
0 0 0 0
0 0 0 0
0 0 0 0
0 0 0 0
0 0 0 0
0 0 0 0
0 0 0 0
0 0 0 0
0 0 0 0
0 0 0 0
0 0 0 0
0 0 0 0
0 0 0 0
0 0 0 0
0 0 0 0
0 0 0 0
3 2108 1 52
71 3692 74 1541127
0 0 0 0
0 0 0 0
0 0 0 0
0 0 0 0
0 0 0 0
0 0 0 0
0 0 0 0
0 0 0 0
0 0 0 0
0 0 0 0
0 0 0 0
0 0 0 0
0 0 0 0
0 0 0 0
0 0 0 0
0 0 0 0
0 0 0 0
0 0 0 0
0 0 0 0
0 0 0 0
0 0 0 0
1 269 0 0
1 52 2 299
0 0 0 0
0 0 0 0
0 0 0 0
0 0 0 0
0 0 0 0
0 0 0 0
0 0 0 0
0 0 0 0
0 0 0 0
0 0 0 0
0 0 0 0
0 0 0 0
0 0 0 0
0 0 0 0
0 0 0 0
0 0 0 0
0 0 0 0
0 0 0 0
0 0 0 0
48 4448 48 1046025
45 4222 47 759789
21 1092 22 467214
0 0 0 0
2 669 0 0
0 0 0 0
0 0 0 0
1 52 4 254
1 52 0 0
0 0 0 0
0 0 0 0
0 0 0 0
0 0 0 0
0 0 0 0
0 0 0 0
1 52 0 0
0 0 1 52
0 0 0 0
0 0 0 0
0 0 0 0
0 0 0 0
0 0 0 0
0 0 0 0
0 0 0 0
0 0 0 0
0 0 0 0
0 0 0 0
0 0 0 0
0 0 0 0
0 0 0 0
0 0 0 0
0 0 0 0
0 0 0 0
0 0 0 0
0 0 0 0
0 0 0 0
0 0 0 0
1 313 0 0
0 0 0 0
0 0 0 0
0 0 0 0
0 0 0 0
0 0 0 0
0 0 0 0
0 0 0 0
0 0 0 0
0 0 0 0
0 0 0 0
0 0 0 0
0 0 0 0
0 0 0 0
1 52 0 0
0 0 0 0
62 5176 63 1025230
41 2132 45 767868
16 844 17 314857
0 0 0 0
0 0 0 0
0 0 0 0
0 0 0 0
0 0 0 0
0 0 0 0
0 0 0 0
0 0 0 0
0 0 0 0
0 0 0 0
0 0 0 0
0 0 0 0
0 0 0 0
0 0 0 0
0 0 0 0
0 0 0 0
0 0 0 0
0 0 0 0
0 0 0 0
0 0 0 0
1 52 0 0
0 0 1 52
0 0 0 0
0 0 0 0
0 0 0 0
0 0 0 0
0 0 0 0
12 6102 6 3017
4 331 5 1780
0 0 0 0
0 0 0 0
0 0 0 0
0 0 0 0
0 0 0 0
0 0 0 0
0 0 0 0
0 0 0 0
0 0 0 0
0 0 0 0
0 0 0 0
0 0 0 0
0 0 0 0
0 0 0 0
0 0 0 0
0 0 0 0
0 0 0 0
0 0 0 0
0 0 0 0
0 0 0 0
0 0 0 0
0 0 0 0
0 0 0 0
0 0 0 0
0 0 0 0
0 0 0 0
0 0 0 0
0 0 0 0
0 0 0 0
0 0 0 0
0 0 0 0
0 0 0 0
1 52 1 52
0 0 0 0
0 0 0 0
0 0 0 0
0 0 0 0
0 0 0 0
0 0 0 0
0 0 0 0
0 0 0 0
0 0 0 0
0 0 0 0
0 0 0 0
0 0 0 0
0 0 0 0
0 0 0 0
0 0 0 0
0 0 0 0
0 0 0 0
5 2111 2 372
27 2273 45 52284
48 2943 218 273022
27 8892 21 348838
81 6188 83 1567495
78 7866 76 1526609
44 4145 43 765202
102 7257 103 1571665
55 4814 55 849983
114 7786 115 1849258
12 624 12 231170
0 0 0 0
0 0 0 0
0 0 0 0
0 0 0 0
0 0 0 0
0 0 0 0
0 0 0 0
0 0 0 0
0 0 0 0
0 0 0 0
53 4710 52 973856
55 2860 58 969689
0 0 0 0
3 156 3 156
0 0 0 0
0 0 0 0
1 81 1 77
0 0 1 52
0 0 0 0
0 0 0 0
0 0 0 0
0 0 0 0
25 3254 23 324972
76 3952 78 1198576
0 0 0 0
0 0 0 0
0 0 0 0
0 0 0 0
0 0 0 0
0 0 0 0
0 0 0 0
0 0 0 0
0 0 0 0
0 0 0 0
1 52 0 0
0 0 1 52
0 0 0 0
0 0 0 0
0 0 0 0
0 0 0 0
0 0 0 0
0 0 0 0
0 0 0 0
0 0 0 0
0 0 0 0
0 0 0 0
0 0 0 0
0 0 0 0
0 0 0 0
45 4294 44 681888
55 4718 55 1032552
16 832 16 279781
0 0 0 0
0 0 0 0
0 0 0 0
0 0 0 0
0 0 0 0
0 0 0 0
0 0 0 0
0 0 0 0
1 52 1 52
0 0 0 0
0 0 0 0
0 0 0 0
0 0 0 0
1 52 1 52
0 0 0 0
0 0 0 0
0 0 0 0
0 0 0 0
38 3930 36 711560
39 2028 42 826854
0 0 0 0
0 0 0 0
0 0 0 0
0 0 0 0
0 0 0 0
0 0 0 0
0 0 0 0
1 82 0 0
0 0 1 52
0 0 0 0
0 0 0 0
0 0 0 0
0 0 0 0
0 0 0 0
0 0 0 0
0 0 0 0
0 0 0 0
0 0 0 0
0 0 0 0
0 0 0 0
26 3306 25 405732
44 2288 44 928617
1 52 1 52
1 40 0 0
0 0 0 0
0 0 1 40
0 0 0 0
0 0 0 0
0 0 0 0
0 0 0 0
0 0 0 0
0 0 0 0
0 0 0 0
0 0 0 0
0 0 0 0
0 0 0 0
0 0 0 0
0 0 0 0
0 0 0 0
0 0 0 0
0 0 0 0
0 0 0 0
0 0 0 0
2 104 2 104
0 0 0 0
0 0 0 0
0 0 0 0
0 0 0 0
0 0 0 0
0 0 0 0
0 0 0 0
0 0 0 0
61 5126 60 1126511
0 0 0 0
0 0 0 0
0 0 0 0
58 3028 61 982498
0 0 0 0
0 0 0 0
0 0 0 0
0 0 0 0
0 0 0 0
3 2015 0 0
15 780 16 313552
1 269 0 0
0 0 0 0
0 0 0 0
0 0 0 0
1 52 2 299
3 168 6 390
0 0 1 52
0 0 0 0
0 0 0 0
0 0 0 0
0 0 0 0
0 0 0 0
0 0 0 0
0 0 0 0
4 1031 3 202
0 0 1 52
0 0 0 0
0 0 0 0
0 0 0 0
0 0 0 0
0 0 0 0
1 40 0 0
