0 0 0 81 0 200 0 0 1 95 0 269
0 0 0 26 0 80 0 0 0 0 0 0
0 0 0 10 0 31 0 0 0 35 0 105
0 0 1 58 0 93 0 0 1 2511 0 7517
1 0 2 68 0 140 1 0 2 5971 0 12589
0 0 0 0 0 0 0 0 0 0 0 0
1 0 1 179 26 282 1 0 2 112 26 186
26 2 40 1628 228 2350 26 1 41 308692 81 514897
0 0 0 17 0 36 0 0 1 56 0 136
0 0 0 106 26 238 0 0 0 64 26 108
1 0 1 130 26 229 0 0 1 1491 27 4269
0 0 0 113 26 222 0 0 1 62 0 125
0 0 0 97 0 220 0 0 1 67 0 150
0 0 0 5 0 15 0 0 0 5 0 15
32 2 47 1886 376 2473 32 2 49 417059 104 676800
0 0 0 98 0 222 0 0 1 51 0 137
0 0 0 5 0 15 0 0 0 5 0 15
0 0 1 36 0 110 0 0 1 2299 0 6879
0 0 0 81 0 243 0 0 0 5 0 16
0 0 0 20 0 45 0 0 0 51 0 99
0 0 0 75 0 225 0 0 0 5 0 16
0 0 0 17 0 37 0 0 1 51 0 153
0 0 0 5 0 15 0 0 0 5 0 15
0 0 0 84 0 163 0 0 1 42 0 81
0 0 0 5 0 15 0 0 0 5 0 15
0 0 0 0 0 0 0 0 0 0 0 0
0 0 1 37 0 78 0 0 1 39 0 67
0 0 0 5 0 15 0 0 0 5 0 15
0 0 0 10 0 20 0 0 0 10 0 20
0 0 0 5 0 15 0 0 0 5 0 15
0 0 1 200 0 380 1 0 1 121 0 284
0 0 0 26 0 80 0 0 0 5 0 15
0 0 0 5 0 15 0 0 0 29 0 89
0 0 0 0 0 0 0 0 0 0 0 0
0 0 1 124 0 275 0 0 1 81 0 191
0 0 0 0 0 0 0 0 0 5 0 15
0 0 0 10 0 20 0 0 0 11 0 34
1 0 2 273 0 339 1 0 1 124 26 173
1 0 1 260 0 551 1 0 1 648 0 1427
0 0 0 0 0 0 0 0 0 0 0 0
0 0 0 7 0 22 0 0 0 0 0 0
0 0 0 0 0 0 0 0 0 0 0 0
0 0 0 0 0 0 0 0 0 0 0 0
0 0 0 12 0 26 0 0 0 5 0 15
0 0 0 18 0 54 0 0 1 33 0 101
0 0 0 0 0 0 0 0 0 0 0 0
0 0 0 0 0 0 0 0 0 0 0 0
0 0 0 0 0 0 0 0 0 0 0 0
0 0 0 0 0 0 0 0 0 0 0 0
0 0 0 7 0 22 0 0 0 0 0 0
0 0 0 5 0 15 0 0 0 5 0 15
0 0 0 13 0 39 0 0 0 18 0 40
0 0 0 5 0 15 0 0 0 5 0 15
0 0 0 0 0 0 0 0 0 0 0 0
0 0 0 0 0 0 0 0 0 0 0 0
0 0 0 5 0 15 0 0 0 5 0 15
0 0 0 0 0 0 0 0 0 0 0 0
0 0 0 5 0 15 0 0 0 5 0 15
0 0 0 0 0 0 0 0 0 0 0 0
0 0 0 20 0 47 0 0 0 20 0 47
0 0 0 66 0 200 0 0 0 0 0 0
0 0 0 25 0 59 0 0 1 108 0 291
0 0 0 39 0 80 0 0 0 24 0 74
43 5 60 2620 441 3302 43 4 61 530230 4288 832680
0 0 0 0 0 0 0 0 0 0 0 0
0 0 0 0 0 0 0 0 0 0 0 0
6 4 7 1291 428 1686 5 3 6 1171 341 1414
6 6 5 1114 852 1162 5 4 5 1096 903 1116
3 2 4 734 412 940 2 1 4 1276 449 1609
4 4 2 735 480 826 4 5 4 2072 1336 2430
1 1 1 419 549 346 1 1 1 671 123 1016
1 0 1 239 0 499 0 0 1 264 0 415
1 0 2 665 0 1367 1 0 2 647 0 1039
1 0 2 616 0 1315 1 0 2 691 0 1357
1 0 2 650 0 1302 1 0 2 257 0 437
1 0 1 914 26 1557 1 0 2 279 0 391
0 0 1 252 0 572 0 0 1 147 0 299
2 1 3 1099 127 1943 2 1 2 1177 583 2051
2 1 2 620 381 787 2 1 2 699 478 769
0 0 1 236 0 371 0 0 1 169 0 336
0 0 0 137 0 262 0 0 0 1048 0 2972
0 0 0 141 0 271 0 0 0 162 0 251
0 0 1 343 0 679 0 0 1 102 0 205
5 1 8 1408 165 2317 4 2 6 1144 580 2246
2 1 2 727 737 552 2 1 2 1216 340 1404
0 0 0 146 0 279 0 0 1 239 0 486
0 0 0 0 0 0 0 0 0 0 0 0
0 0 0 0 0 0 0 0 0 0 0 0
0 0 0 92 0 207 0 0 1 228 0 686
0 0 0 5 0 15 0 0 0 16 0 36
0 0 0 0 0 0 0 0 0 0 0 0
0 0 1 83 0 215 0 0 1 95 0 253
0 0 0 32 0 80 0 0 0 29 0 89
0 0 0 0 0 0 0 0 0 0 0 0
0 0 0 0 0 0 0 0 0 0 0 0
0 0 0 0 0 0 0 0 0 0 0 0
0 0 0 10 0 20 0 0 0 10 0 20
0 0 1 23 0 69 0 0 0 28 0 69
0 0 0 0 0 0 0 0 0 0 0 0
0 0 0 0 0 0 0 0 0 0 0 0
0 0 0 5 0 15 0 0 0 5 0 15
0 0 0 0 0 0 0 0 0 0 0 0
0 0 0 5 0 15 0 0 0 5 0 15
0 0 0 5 0 15 0 0 0 12 0 38
0 0 0 10 0 31 0 0 0 10 0 31
0 0 0 19 0 59 0 0 0 0 0 0
0 0 0 19 0 59 0 0 0 0 0 0
0 0 0 25 0 60 0 0 0 5 0 15
1 1 1 271 52 311 1 0 1 696 26 1555
8 0 18 4961 0 12588 7 0 16 2444 0 5912
17 8 23 3428 1765 5689 21 6 33 5991 980 10989
1 0 2 90 0 144 1 0 3 335 26 629
0 0 0 0 0 0 0 0 0 0 0 0
0 0 0 0 0 0 0 0 0 0 0 0
0 0 0 4 0 12 0 0 0 0 0 0
0 0 0 67 0 202 0 0 0 4 0 12
0 0 1 233 0 357 0 0 1 346 0 653
0 0 0 165 0 277 0 0 1 90 0 166
0 0 1 64 0 124 0 0 0 100 0 224
2 1 2 427 212 504 1 0 2 719 0 1460
2 1 3 491 52 873 3 0 4 2621 26 4484
1 0 1 290 0 447 0 0 2 162 0 458
0 0 0 47 26 77 0 0 1 132 0 294
0 0 0 87 0 232 0 0 0 83 0 238
0 0 0 88 0 232 0 0 0 87 0 238
0 0 0 150 0 302 0 0 0 80 0 240
0 0 0 84 0 236 0 0 0 268 0 644
0 0 0 0 0 0 0 0 0 0 0 0
0 0 0 0 0 0 0 0 0 0 0 0
0 0 0 0 0 0 0 0 0 0 0 0
0 0 1 28 0 69 0 0 1 46 0 139
2 0 5 583 0 1399 2 0 5 732 0 2022
0 0 0 5 0 15 0 0 0 10 0 31
0 0 0 57 0 140 0 0 0 19 0 43
0 0 0 5 0 15 0 0 0 20 0 60
1 0 3 149 0 448 1 0 4 256 0 752
0 0 0 0 0 0 0 0 0 0 0 0
0 0 0 0 0 0 0 0 0 0 0 0
1 0 1 326 46 397 1 0 1 240 0 451
0 0 2 59 0 155 1 0 2 210 0 598
0 0 0 0 0 0 0 0 0 0 0 0
0 0 0 0 0 0 0 0 0 0 0 0
0 0 0 137 0 277 0 0 0 57 0 156
1 0 2 266 0 537 1 0 2 310 0 566
0 0 0 0 0 0 0 0 0 10 0 31
0 0 0 0 0 0 0 0 0 0 0 0
0 0 0 5 0 15 0 0 0 11 0 34
0 0 0 76 0 213 0 0 0 5 0 15
0 0 0 122 0 307 0 0 1 145 0 297
0 0 0 10 0 31 0 0 0 15 0 33
0 0 0 0 0 0 0 0 0 0 0 0
0 0 0 66 0 200 0 0 0 0 0 0
0 0 0 51 0 84 0 0 1 125 0 273
0 0 0 218 0 335 0 0 0 93 0 189
0 0 0 15 0 33 0 0 0 524 0 1557
0 0 1 20 0 62 0 0 0 20 0 47
0 0 0 104 0 251 0 0 1 96 0 271
0 0 0 31 0 93 0 0 0 0 0 0
0 0 0 0 0 0 0 0 0 0 0 0
0 0 0 0 0 0 0 0 0 0 0 0
0 0 0 80 0 242 0 0 0 0 0 0
0 0 1 126 0 266 0 0 2 247 0 503
0 0 0 13 0 40 0 0 0 19 0 39
0 0 0 0 0 0 0 0 0 0 0 0
0 0 0 77 0 198 0 0 0 10 0 31
0 0 0 10 0 20 0 0 1 90 0 254
0 0 0 225 0 345 0 0 0 198 0 445
0 0 1 101 0 240 0 0 1 174 0 350
0 0 0 0 0 0 0 0 0 4 0 12
0 0 0 9 0 18 0 0 0 5 0 15
0 0 0 0 0 0 0 0 0 4 0 12
0 0 0 8 0 24 0 0 0 12 0 26
0 0 0 137 0 277 0 0 0 52 0 157
0 0 0 10 0 20 0 0 0 124 0 339
0 0 0 0 0 0 0 0 0 0 0 0
0 0 0 5 0 15 0 0 0 0 0 0
0 0 0 0 0 0 0 0 0 5 0 15
0 0 0 0 0 0 0 0 0 0 0 0
0 0 0 5 0 15 0 0 0 5 0 15
0 0 0 5 0 15 0 0 0 5 0 15
0 0 0 0 0 0 0 0 0 0 0 0
0 0 0 0 0 0 0 0 0 0 0 0
0 0 1 279 0 557 0 0 2 120 0 360
0 0 1 143 0 273 1 0 1 280 0 490
0 0 0 10 0 20 0 0 0 10 0 20
0 0 0 0 0 0 0 0 0 0 0 0
0 0 0 0 0 0 0 0 0 0 0 0
0 0 0 20 0 47 0 0 0 27 0 60
0 0 0 0 0 0 0 0 0 0 0 0
0 0 0 0 0 0 0 0 0 0 0 0
4 2 5 770 220 1176 5 1 9 4492 145 10021
6 3 7 1533 497 2346 7 1 10 5065 376 9491
2 0 3 435 0 833 7 0 17 7156 0 20283
11 0 19 1138 0 1768 36 0 75 42665 0 93036
6 6 5 2114 2306 1649 7 6 8 4957 1278 9890
34 23 33 4875 5463 3427 67 35 80 191390 55736 243116
9 0 24 965 0 2316 26 0 75 30702 0 91824
0 0 0 26 0 80 0 0 0 17 0 53
0 0 1 43 0 114 0 0 1 415 0 1189
3 0 6 441 0 670 24 0 46 29891 27 59718
2 0 5 530 0 1047 9 0 25 9966 26 29697
13 5 17 1525 1059 1642 92 21 152 114466 24237 193816
4 1 8 377 57 872 19 1 39 21685 53 44895
4 0 8 436 0 804 20 0 53 24178 0 67765
2 0 4 261 0 521 2 0 5 1393 0 4106
11 2 21 1282 152 2094 75 1 130 90054 82 157130
12 0 26 1194 0 2298 87 0 236 106576 0 290117
0 0 0 12 0 26 0 0 0 9 0 18
10 2 15 1652 126 2150 43 2 112 62828 3422 140068
13 11 10 3297 2426 3836 16 14 11 88397 70224 78122
19 16 14 2843 2167 2402 48 28 57 197878 98867 238461
17 1 29 1496 137 2816 24 1 39 406251 89 669725
0 0 0 37 0 79 0 0 0 35 0 89
10 2 12 1170 104 1599 9 2 12 320728 37869 400482
1 0 2 375 0 701 1 0 1 335 26 581
0 0 1 352 0 984 0 0 1 111 0 223
0 0 0 0 0 0 0 0 0 0 0 0
0 0 0 46 0 91 0 0 0 15 0 33
0 0 0 5 0 15 0 0 0 0 0 0
8 0 17 812 0 1633 8 0 16 188982 0 387443
0 0 0 0 0 0 0 0 0 0 0 0
6 0 17 628 26 1038 6 0 18 132509 0 397409
0 0 0 0 0 0 0 0 0 0 0 0
0 0 0 0 0 0 0 0 0 0 0 0
1 0 2 258 0 721 1 0 2 14866 0 44539
8 0 25 467 0 1336 8 0 26 183180 0 549541
0 0 0 19 0 59 0 0 0 0 0 0
6 0 18 560 0 1540 6 0 18 141398 0 424105
0 0 0 19 0 59 0 0 0 0 0 0
9 0 22 885 0 1792 9 0 22 213425 0 504931
0 0 0 0 0 0 0 0 0 0 0 0
0 0 1 109 0 302 0 0 1 39 0 78
6 0 18 528 0 1566 6 0 18 158896 0 476671
0 0 0 0 0 0 0 0 0 0 0 0
7 0 14 559 0 1176 7 0 14 175475 0 353260
0 0 0 5 0 15 0 0 0 5 0 15
9 0 16 663 0 1145 9 0 16 199346 0 372849
0 0 0 5 0 15 0 0 0 5 0 15
0 0 0 0 0 0 0 0 0 0 0 0
7 0 17 574 0 1150 7 0 17 171380 0 421451
0 0 0 0 0 0 0 0 0 0 0 0
0 0 1 312 0 670 0 0 1 26 0 78
7 0 20 427 0 1045 8 0 21 188834 0 508988
0 0 0 101 0 264 0 0 0 26 0 62
0 0 0 0 0 0 0 0 0 0 0 0
10 0 20 977 0 1469 10 0 21 232066 26 531003
0 0 0 0 0 0 0 0 0 0 0 0
0 0 0 15 0 33 0 0 0 15 0 33
0 0 0 0 0 0 0 0 0 0 0 0
0 0 0 0 0 0 0 0 0 0 0 0
9 0 26 673 0 1443 9 0 26 210618 0 631830
0 0 0 0 0 0 0 0 0 0 0 0
0 0 0 8 0 24 0 0 0 5 0 15
0 0 0 9 0 27 0 0 0 5 0 15
8 0 17 652 0 1360 8 0 17 188560 0 377109
0 0 0 10 0 20 0 0 0 10 0 20
0 0 0 10 0 20 0 0 0 16 0 50
0 0 0 0 0 0 0 0 0 0 0 0
0 0 0 0 0 0 0 0 0 0 0 0
0 0 0 0 0 0 0 0 0 0 0 0
0 0 0 4 0 12 0 0 0 4 0 12
0 0 0 0 0 0 0 0 0 0 0 0
0 0 0 4 0 12 0 0 0 4 0 12
0 0 2 50 0 151 0 0 2 57 0 173
0 0 0 15 0 46 0 0 0 39 0 102
8 0 20 626 0 1273 8 0 21 164449 0 432258
0 0 0 0 0 0 0 0 0 0 0 0
0 0 0 0 0 0 0 0 0 0 0 0
0 0 0 0 0 0 0 0 0 0 0 0
0 0 0 0 0 0 0 0 0 0 0 0
7 0 21 580 0 1212 7 0 22 154117 0 462336
0 0 0 0 0 0 0 0 0 0 0 0
0 0 0 32 0 80 0 0 0 29 0 89
0 0 0 0 0 0 0 0 0 0 0 0
4 0 14 444 0 1334 4 0 14 104602 0 313807
7 0 14 608 26 1255 7 0 14 122725 0 253959
0 0 0 5 0 15 0 0 0 5 0 15
0 0 0 0 0 0 0 0 0 0 0 0
0 0 0 31 0 93 0 0 0 0 0 0
0 0 0 0 0 0 0 0 0 0 0 0
12 0 20 820 0 1591 12 0 21 210795 0 359931
0 0 0 0 0 0 0 0 0 0 0 0
0 0 0 5 0 15 0 0 0 5 0 15
1 0 3 643 0 1822 1 0 2 479 0 998
0 0 0 0 0 0 0 0 0 0 0 0
0 0 0 0 0 0 0 0 0 0 0 0
0 0 0 5 0 15 0 0 0 5 0 15
0 0 0 0 0 0 0 0 0 0 0 0
26 16 30 3027 2192 3253 44 11 65 376862 26328 597184
32 6 42 2462 312 3055 32 6 42 526727 115585 669097
11 0 21 772 0 1562 11 0 21 194370 0 388702
10 0 23 728 0 1445 10 0 23 152367 0 361943
0 0 0 5 0 15 0 0 0 0 0 0
0 0 0 0 0 0 0 0 0 5 0 15
11 0 19 984 0 1780 11 0 19 199422 0 348097
0 0 0 5 0 15 0 0 0 5 0 15
7 0 15 601 0 1262 7 0 15 153846 0 308758
0 0 0 8 0 24 0 0 0 5 0 15
7 0 14 564 0 1139 7 0 14 133440 0 291356
0 0 0 4 0 12 0 0 0 4 0 12
0 0 0 0 0 0 0 0 0 0 0 0
6 0 18 523 0 1534 6 0 17 112661 0 337949
6 0 17 504 0 1033 6 0 18 98249 0 294749
2 0 4 126 0 234 2 0 4 31429 0 94040
0 0 1 103 0 309 0 0 0 25 0 60
